                                SUMMARY OF TRANSACTIONS BY APPROPRIATIONS                        ($)

                                                     FUNDING ADJUSTMENTS

APPROPRIATION TITLE       NO. FUNDS AVAILABLE AS OF SUPPLEMENTALS  TRANSFERS     RESCISSIONS/            NET         REVOLVING     UNEXPENDED
                                              April 1, 2024                      WITHDRAWALS     EXPENDITURES            FUND    BALANCE AS OF
                                                                                                                                September 30, 2024
                                                                                                                      RECEIPTS

  SERGEANT AT ARMS AND    0127       386,373.27      0.00          0.00          -352,197.56          -34,175.71     0.00       0.00
           DOORKEEPER     0128       929,036.77                                            0.00      -383,710.66
             2018-2022    0129   16,404,301.11       0.00          0.00                    0.00   -8,115,069.55      0.00       545,326.11
             2019-2023           21,563,011.03                                             0.00   -1,944,984.59
             2020-2024               642,260.00      0.00          0.00                    0.00                      0.00       8,289,231.56
             2021-2025           24,347,090.01                                             0.00                0.00
             2021-2026                               0.00          0.00                    0.00   -3,275,322.10      0.00       19,618,026.44
             2022-2026                         0.00                                        0.00
                2023             75,804,744.08       0.00          0.00                    0.00                0.00  0.00       642,260.00
             2023-2027                                                                     0.00   -9,132,756.02
                2024                           0.00  0.00          0.00                    0.00                      0.00       21,071,767.91
             2024-2028          156,994,138.37                                                                 0.00
          X (NO-YEAR)                                0.00          0.00                          -42,456,092.13      0.00       0.00
                                 19,167,028.33
   EXPENSES OF INQUIRIES                             0.00          0.00                           -4,621,437.87      0.00       66,671,988.06
     AND INVESTIGATIONS                        0.00
             2020-2022                         0.00  0.00          5,800,000.00                                0.00  0.00       5,800,000.00
             2021-2023                 21,783.11                                                               0.00
                2022                           0.00  0.00          0.00                                 -5,071.44    0.00       114,538,046.24
             2022-2024               125,127.49                                                                0.00
                2023                           0.00  0.00          0.00                              -101,284.75     0.00       14,545,590.46
             2023-2025           88,104,010.26                                                                 0.00
                2024             13,300,000.00                                                   -87,596,624.26                                     A-3
             2024-2026                                                                            -5,000,000.00
                                     188,135.33      0.00          0.00          0.00                                0.00       0.00
CAUCUS ON INTERNATIONAL              208,408.84                                                                0.00
     NARCOTICS CONTROL               381,295.43      0.00          0.00          0.00                          0.00  0.00       0.00
                2022                                                                                 -265,530.96
                2023                                 0.00          0.00          -16,711.67                          0.00       0.00
                2024
                                                     0.00          0.00          0.00                                0.00       0.00

                                                     0.00          0.00          0.00                                0.00       23,842.74

                                                     0.00          0.00          0.00                                0.00       0.00

                                                     0.00          0.00          0.00                                0.00       507,386.00

                                                     0.00          0.00          0.00                                0.00       8,300,000.00

                                                     0.00          0.00          -188,135.33                         0.00       0.00

                                                     0.00          0.00          0.00                                0.00       208,408.84

                                                     0.00          0.00          0.00                                0.00       115,764.47
