                               SUMMARY OF TRANSACTIONS BY APPROPRIATIONS                        ($)

                                                    FUNDING ADJUSTMENTS

APPROPRIATION TITLE      NO. FUNDS AVAILABLE AS OF SUPPLEMENTALS  TRANSFERS      RESCISSIONS/           NET           REVOLVING     UNEXPENDED
                                             April 1, 2024                       WITHDRAWALS    EXPENDITURES              FUND    BALANCE AS OF
                                                                                                                                 September 30, 2024
                                                                                                                       RECEIPTS

SALARIES, OFFICERS AND   0110
          EMPLOYEES
              2022                9,422,034.01      0.00          0.00           -8,843,899.65       -578,134.36      0.00       0.00
          2022-2024                           0.00                                                              0.00
              2023                                  0.00          0.00           0.00                                 0.00       0.00
          2023-2025               2,467,849.36                                                         -80,160.04
          2023-2027                           0.00  0.00          0.00           0.00                           0.00  0.00       2,387,689.32
              2024                            0.00
          2024-2026                                 0.00          0.00           0.00                -300,000.00      0.00       0.00
          2024-2028            152,560,640.55                                                   -134,058,980.43
                                              0.00  0.00          300,000.00     0.00                                 0.00       0.00
        X (NO-YEAR)                           0.00                                                              0.00
                                              0.00  0.00          -6,115,380.00  0.00                -300,000.00      0.00       12,386,280.12
                                                                                                     -200,000.00
                                              0.00  0.00          0.00           0.00                                 0.00       0.00
                                                                                                                0.00
                                  1,747,458.67      0.00          300,000.00     0.00                                 0.00       0.00
                                  1,293,370.09                                                                  0.00
                                                    0.00          200,000.00     0.00                  -27,470.88     0.00       0.00
                                      66,640.55
PAYMENT TO NEXT OF KIN   0115     1,747,799.06                                                                  0.00
          OF SENATOR                                                                                 -548,256.98
                                      74,825.95     0.00          0.00           0.00                                 0.00       0.00                A-2
        X (NO-YEAR)               8,293,945.77                                                             -116.49
                                                                                                     -196,897.27
MISCELLANEOUS ITEMS      0123         45,469.70
        2020-2022               17,145,267.42                                                          -87,756.56
        2021-2023               29,757,098.85       0.00          0.00           -1,747,458.67     -9,660,998.84      0.00       0.00
            2022
        2022-2024                       4,264.82    0.00          0.00           0.00                -247,357.91      0.00       1,265,899.21
            2023                      52,201.79
        2023-2025                 2,459,123.12      0.00          0.00           -66,640.55                     0.00  0.00       0.00
            2024                      60,263.37                                                                 0.00
        2024-2026                     24,587.19     0.00          0.00           0.00                -251,554.77      0.00       1,199,542.08
                                  1,929,315.06                                                           -6,106.43
      X (NO-YEAR)               11,908,485.64       0.00          0.00           0.00                    -6,795.73    0.00       74,709.46
                                21,988,865.52                                                      -1,314,759.04
                                                    0.00          0.00           0.00              -5,974,896.17      0.00       8,097,048.50
                                                                                                   -1,624,985.79
                                                    0.00          315,380.00     0.00                                 0.00       273,093.14

                                                    0.00          0.00           0.00                                 0.00       7,484,268.58

                                                    0.00          0.00           0.00                                 0.00       29,509,740.94

SECRETARY OF THE SENATE  0126
            2018-2022
            2019-2023                               0.00          0.00           -4,264.82                            0.00       0.00
            2020-2024                                                                  0.00
            2021-2025                               0.00          0.00                 0.00                           0.00       52,201.79
            2022-2026                                                                  0.00
            2023-2027                               0.00          0.00                 0.00                           0.00       2,207,568.35
            2024-2028                                                                  0.00
                                                    0.00          0.00                 0.00                           0.00       54,156.94
          X (NO-YEAR)                                                                  0.00
                                                    0.00          0.00                                                0.00       17,791.46

                                                    0.00          -300,000.00                                         0.00       314,556.02

                                                    0.00          -300,000.00                                         0.00       5,633,589.47

                                                    0.00          -200,000.00                                         0.00       20,163,879.73
